0.697000 0.460000
0.774000 0.376000
0.634000 0.264000
0.608000 0.318000
0.556000 0.215000
0.403000 0.237000
0.481000 0.149000
0.437000 0.211000
0.666000 0.091000
0.243000 0.267000
0.245000 0.057000
0.343000 0.099000
0.639000 0.161000
0.657000 0.198000
0.360000 0.370000
0.593000 0.042000
0.719000 0.103000
0.359000 0.188000
0.339000 0.241000
0.282000 0.257000
0.748000 0.232000
0.714000 0.346000
0.483000 0.312000
0.478000 0.437000
0.525000 0.369000
0.751000 0.489000
0.532000 0.472000
0.473000 0.376000
0.725000 0.445000
0.446000 0.459000
